000000000000000000000000000000100000100000
,
000000000000000000111110000000000000000000
-
011100100010100110101010110010100010011100
0
001000011000001000001000001000001000111110
1
011100100010000010001100010000100010111110
2
011100100010000010001100000010100010011100
3
000110001010010010100010111110000010000010
4
111110100000111100000010000010100010011100
5
001100010000100000111100100010100010011100
6
111110100010000010000100001000001000001000
7
011100100010100010011100100010100010011100
8
011100100010100010011110000010000100011000
9
