1 0.367252 0.598485 0.039256 0.153409
1 0.268079 0.560133 0.024793 0.065341
1 0.216426 0.557765 0.020661 0.062500
1 0.198347 0.549242 0.014463 0.041667
1 0.164514 0.555871 0.020145 0.056818
1 0.092717 0.563920 0.027376 0.076705
0 0.335227 0.541667 0.011364 0.041667
0 0.401085 0.563447 0.032541 0.115530
0 0.429236 0.538352 0.009298 0.033144
0 0.702738 0.593750 0.076963 0.219697
0 0.527634 0.540720 0.014979 0.039773
0 0.563533 0.541193 0.015496 0.035038
0 0.775568 0.544034 0.017045 0.050189
0 0.920196 0.581439 0.080062 0.181818
0 0.857955 0.561080 0.034091 0.072917
