0 0.093750 0.567708 0.051136 0.125947
0 0.142045 0.552557 0.026860 0.071023
0 0.178977 0.561080 0.043905 0.114583
0 0.302428 0.542614 0.014979 0.043561
0 0.324638 0.541193 0.014979 0.040720
0 0.549587 0.541667 0.013430 0.041667
0 0.565599 0.548769 0.022727 0.076705
0 0.646952 0.555398 0.037707 0.095644
0 0.852789 0.553030 0.027893 0.079545
1 0.751033 0.551136 0.010331 0.045455
1 0.704804 0.544981 0.013946 0.036932
1 0.435176 0.588068 0.035640 0.130682
1 0.373450 0.564867 0.024793 0.084280
1 0.395919 0.566288 0.025310 0.083333
1 0.409091 0.549242 0.010331 0.043561
