1 0.829804 0.648201 0.062500 0.258523
1 0.727014 0.582860 0.037707 0.110795
1 0.773502 0.547822 0.012913 0.050189
1 0.625517 0.544508 0.011364 0.032197
1 0.509556 0.583807 0.034607 0.112689
1 0.392820 0.574811 0.027376 0.094697
1 0.058626 0.583333 0.038740 0.113636
1 0.092975 0.561553 0.020661 0.073864
0 0.137655 0.562027 0.034607 0.097538
0 0.168647 0.553504 0.027376 0.086174
0 0.203512 0.562500 0.032025 0.125000
0 0.359246 0.542614 0.017045 0.047348
0 0.694473 0.552557 0.026343 0.082386
0 0.902634 0.553030 0.035640 0.089015
1 0.020919 0.563447 0.027376 0.068182
