0 0.371643 0.578598 0.034607 0.104167
0 0.404184 0.570076 0.023244 0.092803
0 0.452996 0.546402 0.014463 0.043561
0 0.176395 0.548295 0.016012 0.039773
0 0.868802 0.551136 0.021694 0.047348
0 0.732180 0.547348 0.014979 0.041667
1 0.712552 0.547348 0.020145 0.070076
1 0.792872 0.575758 0.057851 0.157197
1 0.915806 0.570549 0.065083 0.150568
1 0.202996 0.558239 0.032025 0.093750
1 0.244060 0.546402 0.024277 0.056818
1 0.311467 0.540246 0.010331 0.038826
1 0.325930 0.539299 0.013430 0.036932
1 0.087552 0.590436 0.116219 0.216856
